  1.296317682343010E-002
  1.142382686519872E-002
  7.348594094719599E-003
  1.010625559335658E-002
  5.615384577434684E-003
  4.708307595652030E-003
  3.729329815295914E-003
  2.833720074567621E-003
  3.704933499003006E-003
  3.286755207620139E-003
  1.968539575647567E-003
  1.654758462734404E-003
  3.124393073518399E-003
  1.018108124051628E-003
  2.731023199407945E-003
  1.702241167829958E-004
 -7.555706489683173E-004
 -8.815595271652727E-004
 -1.947936823391419E-003
 -3.571562764345134E-003
  4.048865642635727E-003
  4.120710937229157E-003
  4.170062906262402E-003
  4.170062906262403E-003
  4.213718260612443E-003
  4.251219676482685E-003
  4.128922958380010E-003
  4.236119720630105E-003
  4.213718260612441E-003
  3.990356068736077E-003
  3.528524526311320E-003
  4.216150148474557E-003
  4.041100300332371E-003
  3.163902824292122E-003
  3.758757283542241E-003
  3.704933499003003E-003
  1.968539575647569E-003
 -1.032444482578549E-003
  4.188934375693778E-003
  3.286755207620141E-003
  3.990356068736079E-003
  3.185625114141940E-003
 -2.545249785335269E-003
  3.484409583218754E-004
  2.125947258783055E-004
  4.005839517637022E-003
  9.992730068525670E-003
  6.699941837602744E-003
  4.267107764025792E-003
  4.251607207897693E-003
  4.188934375693778E-003
  3.483627776937997E-003
  3.750193582789408E-003
  4.267107764025793E-003
  4.120710937229159E-003
  4.236119720630105E-003
  3.776213967160327E-003
  3.495468146234819E-003
  1.757943521548271E-004
  3.241026087863245E-003
  2.258494263486567E-003
  1.641341081518970E-003
  4.021073140400631E-003
  4.235687330250670E-003
 -1.742061017508654E-003
  1.641341081518970E-003
 -2.254994264548777E-003
  3.484409583218758E-004
  4.235687330250671E-003
  6.543924004794666E-003
 -4.247516021121988E-003
 -2.478492698531259E-003
 -3.273362998093918E-003
 -3.630952028575699E-003
 -5.232761028976335E-004
  9.858499136496193E-004
 -1.439999350309848E-003
 -2.835257024580563E-003
 -3.270025683928930E-003
 -2.254994264548777E-003
 -2.100836997197191E-003
 -1.161366033516117E-003
 -4.119096990094042E-004
  3.996929595664593E-003
  3.964956953011395E-003
  2.653547290879961E-003
  3.896160389983129E-003
  3.698159863413931E-003
  3.625117755759254E-003
  3.894056695553406E-003
  3.792820646736638E-003
  2.481467863800411E-003
  3.625117755759251E-003
  3.480913177433933E-003
  3.792820646736637E-003
  3.806971370041269E-003
 -3.338038634648957E-003
 -4.168572757047653E-003
  2.652709579593382E-004
 -1.413677008125439E-003
 -3.963845233146001E-003
 -1.439999350309847E-003
  1.864040549699767E-003
  9.858499136496232E-004
  2.649308966929608E-003
  1.015572642708015E-003
  1.196201644138992E-003
  3.072919037878270E-019
 -1.911636722605235E-003
 -3.380021531777411E-003
  3.035721702484851E-019
 -3.079962498594604E-003
 -1.928251190837225E-003
  1.722792591301907E-003
  5.686837967951497E-004
  1.171979954553847E-003
  2.244355501280380E-003
  2.148683162111313E-003
  3.204176073862445E-003
 -1.455042292386342E-003
  3.092745470639733E-004
 -2.665296687393134E-003
 -2.493152757929717E-003
  1.676699475318932E-003
  3.219192405481307E-003
 -2.131702041811631E-003
 -1.151871280044965E-004
  9.026046856669837E-020
 -5.754346901496781E-006
  1.579083053544279E-004
 -1.579083053544284E-004
 -7.447351615150401E-004
 -2.234735841581097E-019
 -1.036727474447549E-003
  5.104516902281769E-004
  7.447351615150425E-004
  1.548411589185903E-003
  2.240227762111252E-003
  6.221827959400327E-004
 -8.992418576705062E-004
  2.533357535223213E-003
  1.186868510039367E-003
 -1.171979954553849E-003
 -2.148683162111313E-003
 -7.486879707905923E-004
 -9.213556963473059E-004
 -2.244355501280378E-003
 -1.548411589185904E-003
 -2.594505515302032E-003
 -2.606070232050442E-003
  1.494136773385848E-003
 -8.593511184435547E-004
  8.384124930901297E-004
 -2.689022994274948E-003
 -3.329669793699369E-003
  6.668153480133621E-006
  3.000959903002531E-006
  9.213556963473047E-004
  2.133571659291528E-003
  1.017140445084286E-003
 -6.668153480134111E-006
  5.754346901496128E-006
 -5.104516902281768E-004
 -1.836956660792296E-003
  1.969075076489858E-003
 -4.029172291908197E-003
 -1.960996777600052E-003
  2.945939193692425E-003
  2.751184827323750E-003
  7.468774904179590E-020
  1.263977358520905E-003
 -3.192618359052746E-003
 -2.751184827323750E-003
 -1.622505692661396E-003
 -1.494136773385849E-003
 -1.263977358520904E-003
  1.766119423160200E-019
  4.362848149101275E-004
 -3.505772249768655E-003
  2.526595953182141E-003
 -2.090687478569055E-003
 -4.263157568106891E-003
 -4.163957106099981E-003
 -3.996671125099181E-003
  2.407698253819890E-003
 -1.760340516384426E-003
  1.622505692661395E-003
 -1.288849848164594E-003
 -3.746266255577592E-003
 -3.222662203895874E-003
 -1.410049592935655E-003
  1.189033880406531E-003
 -3.238016102059128E-003
 -9.829694067551048E-004
  1.622055065494143E-003
  1.582792366123912E-003
 -4.553257482939205E-020
  6.333013236958287E-004
 -3.319579181056221E-003
 -1.582792366123917E-003
 -1.936158068138446E-003
 -6.333013236958308E-004
 -7.144468319316681E-019
  2.677230336187577E-003
  8.423846934045678E-004
  4.245915380952952E-003
  4.067437820781505E-003
  1.016240801831961E-003
  3.996671125099180E-003
  3.750637635520145E-003
  4.163957106099981E-003
  3.247020861112865E-003
  4.168919351280424E-003
  3.978879469204707E-003
